ZΩ2.975187745726440980e+01,4.516387058195498838e+01,4.577486967876725288e+01,3.870601094784424134e+01,4.656813777745551874e+01,6.148995010350137136e+01,2.768594051075664098e+01,3.021469682759736841e+01,5.678412615482550763e+01,3.536924010606224300e+01,3.193173008370800048e+01,5.446254452946627111e+01,3.665435637904138844e+01,4.257753458767379584e+01,3.808707913701057635e+01,3.661947055467782519e+01,4.471619376078390928e+01,2.819099815711300394e+01,5.885859139840873411e+01,5.732976072580706983e+01,3.045113661026746499e+01,5.613832357922411376e+01,4.373994692411941543e+01,3.475030712439320979e+01,3.943384034564586926e+01,4.214599234562640362e+01,5.440145978889687228e+01,2.466611186276818302e+01,4.328400682130249777e+01,2.539763272613649647e+01,3.194292080441528370e+01,5.030331909000859270e+01,5.368240060453209850e+01,6.388204701936835050e+01,3.094405250042042610e+01,3.087784643436443588e+01,3.901299001685138990e+01,3.949919182094763670e+01,3.629195872376767795e+01,3.497587603819017943e+01,3.248982309645602840e+01,3.088173765279852745e+01,3.270306953429786745e+01,3.241797350478194062e+01,4.417778283312063081e+01,3.768223644862959532e+01,5.198557620657816614e+01,5.473631545119381059e+01,3.179372736019365320e+01,3.040594103185960506e+01,3.547866042914989038e+01,3.373469259342570581e+01,5.996074733882510799e+01,3.745272642680670572e+01,2.729341191528420651e+01,3.432639110921000736e+01,3.366214296015091634e+01,2.555966741405784504e+01,4.167327750298863975e+01,3.961156052895361768e+01,2.972912720283172661e+01,4.962630591105586575e+01,5.072087091221398225e+01,2.373157856059775739e+01,3.077181755006710162e+01,5.241654467856697863e+01,3.527021263205729440e+01,3.925495959691500047e+01,3.496224643873760130e+01,3.124385830755216986e+01,3.530606909922773440e+01,9.189063134410650946e+01,3.543955820032188342e+01,3.173043511239033521e+01,3.536237466442717192e+01,5.577059567222732284e+01,4.136718538263691869e+01,4.079019238509265932e+01,2.625433726667312229e+01,4.184333772284075081e+01,6.324737787081865292e+01,2.193560886945683919e+01,3.296773066904185612e+01,2.593649483142924339e+01
4.516387058195498838e+01,3.749758190003970526e+01,4.187976980999996357e+01,3.399030199533287089e+01,4.517239240291958424e+01,5.080574611214486680e+01,2.989716669468734267e+01,3.617574208205731878e+01,4.653210021162264809e+01,3.920637866296833351e+01,3.041540004334666847e+01,5.108729186069134443e+01,2.981941679022338221e+01,3.772851232985863135e+01,3.832308024589254813e+01,3.288387985130071201e+01,3.941469276556032497e+01,3.515841646258986231e+01,6.267620609327602210e+01,4.819972368932051410e+01,2.881607203631783420e+01,4.744677656160177293e+01,4.865963384181743123e+01,3.140334034044717981e+01,4.783069506267606386e+01,3.696770275682160900e+01,5.138718193374312904e+01,3.371835422875956567e+01,5.509744084457540225e+01,3.483696418767593883e+01,2.936878755266971552e+01,4.457410851045558786e+01,4.564970720040392393e+01,5.081276672583111775e+01,3.064974287534930042e+01,2.925569607250324822e+01,3.945498173524676133e+01,3.791387391451183220e+01,4.008723576573383696e+01,3.019458740364258986e+01,2.536080928423945835e+01,4.825153897045110085e+01,4.882950126464744756e+01,4.911390064515790499e+01,3.740107208690383089e+01,4.707185265538236507e+01,4.543010952278446268e+01,4.942510598667537636e+01,2.612617450643252326e+01,4.281363765172848446e+01,4.528459599870304686e+01,3.857915610015428598e+01,5.203175132493356614e+01,4.689580290552800790e+01,3.292107370464339766e+01,3.181641475976277178e+01,3.566936340658128302e+01,2.236171727041637780e+01,4.079308061433897592e+01,5.540359566631493493e+01,3.204382247019483998e+01,4.569555178655993188e+01,4.583494934309630509e+01,2.211618564860640035e+01,3.236377046987001194e+01,4.731079208406819703e+01,3.500374273512015577e+01,3.818734751710272946e+01,3.226942362038097656e+01,3.063300724949723630e+01,5.495614395961856502e+01,7.250245899661774729e+01,3.808839185571928709e+01,3.337566298005536680e+01,4.835436510335345162e+01,5.480333189610320943e+01,3.942142756360081535e+01,3.984314556972927335e+01,3.482029079424137308e+01,3.666066697181520340e+01,5.084084059970886926e+01,2.401926167263633261e+01,3.834569079371036082e+01,2.159714170745270323e+01
4.577486967876725288e+01,4.187976980999996357e+01,4.170553466243260488e+01,3.424586300332936872e+01,5.055244665571714080e+01,5.340287663447376332e+01,2.958391297961595967e+01,3.627758684088430385e+01,4.941298162925711068e+01,4.219130230011405303e+01,3.453650643129820708e+01,5.152536397884107089e+01,3.094151179623658265e+01,3.571935215602598390e+01,3.795770234389090803e+01,3.464459201158935997e+01,3.751755635019285506e+01,3.531838008696609421e+01,6.539195755279816069e+01,5.045839944402239041e+01,3.002261050851573998e+01,4.822259559295865472e+01,5.311958844119768486e+01,2.961793476795075719e+01,4.471768954766476156e+01,3.913034965662415487e+01,5.206630899906852505e+01,3.105981621203148890e+01,5.280911727168241043e+01,3.197268960043680153e+01,2.786099401056764080e+01,4.664345935762918316e+01,4.557782927778533377e+01,5.392170843066773500e+01,2.903362380381289398e+01,2.730889803851974307e+01,3.785090348669685056e+01,3.799818369917569783e+01,3.685495961338303772e+01,3.325737908372236262e+01,2.713211357052816908e+01,4.464460223080533297e+01,4.599183917888940698e+01,4.616693680320591398e+01,4.037358325959274907e+01,5.091752082900428178e+01,4.563366061550396324e+01,4.987539648031072659e+01,2.483416951486561786e+01,4.610182826307191561e+01,4.505265721380593646e+01,4.210472731478296282e+01,5.328768271051245620e+01,4.520336444070093052e+01,3.118264693251308728e+01,3.067733995416411119e+01,4.017804348229118716e+01,2.150708272748695293e+01,4.405474080235688916e+01,5.394623737987543421e+01,3.143764150319183059e+01,4.838397227173250315e+01,5.033913955032124221e+01,2.081131166383724462e+01,3.612256395941057718e+01,4.918885903083643996e+01,3.792465464019932142e+01,3.838699156676425162e+01,3.094197072826640493e+01,3.385489548270414417e+01,5.585765277374288473e+01,7.848410880279476487e+01,4.248197980471221769e+01,3.685535742659390479e+01,4.669943344586183542e+01,5.639188218183473111e+01,4.003030940238170388e+01,3.850921753526646540e+01,3.534531276037506586e+01,4.042395053084610623e+01,5.359885222164614760e+01,2.389992177726253431e+01,4.086564051396557318e+01,2.111255746918998710e+01
3.870601094784424134e+01,3.399030199533287089e+01,3.424586300332936872e+01,2.678725299436409557e+01,4.152759328606301636e+01,4.279150963114031470e+01,2.361693802864716574e+01,3.021657058883508640e+01,3.972892973821976170e+01,3.462354244695479366e+01,2.858333472089550753e+01,4.220541860039247695e+01,2.513806691749864086e+01,2.911604540688361809e+01,3.132375294895452811e+01,2.836476119422303555e+01,3.056485999838411516e+01,2.883261360931764372e+01,5.389924192970813976e+01,4.072127243735582880e+01,2.412252550356742020e+01,3.899545138070323702e+01,4.382233958798018136e+01,2.428990306334710070e+01,3.879613059617241078e+01,3.166185778531694339e+01,4.186154242513477897e+01,2.538979416487391205e+01,4.597866216335270195e+01,2.626049451506917976e+01,2.243865291867685841e+01,3.750312294266510804e+01,3.624218528876638601e+01,4.335935905744839403e+01,2.363819196925845034e+01,2.194623080319350450e+01,3.032946593907817956e+01,3.061846148574656112e+01,3.107811920760382307e+01,2.720009074899715529e+01,2.219203776660070204e+01,3.986142500947536860e+01,3.961999271506480369e+01,4.056349366088165453e+01,3.283529628290305169e+01,4.177518510722348566e+01,3.672409451503761346e+01,4.085546083884903368e+01,1.982723984025242103e+01,3.870029736493962957e+01,3.808600281791811426e+01,3.440892550022424246e+01,4.318340672896538734e+01,3.784097210705553493e+01,2.469854312480323344e+01,2.449895398063194563e+01,3.304140586866662943e+01,1.680012065312357805e+01,3.599594746902255338e+01,4.474383511316905526e+01,2.582719710622395937e+01,3.972536253153676000e+01,4.104058695482253682e+01,1.634460559320473649e+01,2.963963128913296430e+01,4.008715152770574974e+01,3.092939524185356603e+01,3.071775497146118283e+01,2.534828715321503267e+01,2.740068078074163438e+01,4.849173614070912919e+01,6.323690869073606535e+01,3.502474118172509066e+01,3.011493152894431802e+01,3.848200191403914516e+01,4.598445763284330212e+01,3.299462224629606766e+01,3.175830182726749840e+01,2.910961664412662842e+01,3.350281410898348611e+01,4.343882565557214548e+01,1.924888417925862072e+01,3.339953819077970110e+01,1.655412323646740802e+01
4.656813777745551874e+01,4.517239240291958424e+01,5.055244665571714080e+01,4.152759328606301636e+01,4.827352370693628814e+01,6.489049305176786220e+01,3.384635754034304966e+01,3.927846914400871725e+01,5.940638770562719628e+01,4.191879377330254641e+01,3.144120729524975744e+01,6.175220403379395862e+01,3.497962443181359049e+01,4.665856284485186478e+01,4.479109550647107341e+01,3.669786510034499827e+01,4.899767869408571386e+01,3.858202871856695992e+01,7.253161856723174594e+01,6.027006759008386894e+01,3.255008003498220859e+01,5.971642060589692846e+01,5.244728535861548124e+01,3.788191532935316275e+01,5.418368923969035933e+01,4.327910433890908593e+01,6.204562160865114606e+01,3.807434666002744450e+01,6.155362593896420975e+01,3.926382129290672651e+01,3.470531416517864898e+01,5.456908175002061512e+01,5.818452075909729615e+01,6.606642497312603268e+01,3.612378546432537263e+01,3.523948137526542013e+01,4.816027463951506604e+01,4.485866702566789144e+01,4.733794174119733356e+01,3.358287985731796965e+01,2.939023550930676976e+01,5.159210620443916184e+01,5.317268969673369128e+01,5.272864795675647542e+01,4.441374624245424485e+01,5.029008075909015218e+01,5.667735892249176288e+01,6.007884411989641649e+01,3.247589095751613542e+01,4.274836182024785813e+01,4.981220801903977957e+01,4.056395480270114007e+01,6.659436407902529709e+01,5.287484488279365280e+01,3.818780907738236863e+01,3.863629703362919798e+01,3.739140069439271485e+01,2.594539774731385151e+01,4.674118284177122007e+01,6.198677534663535482e+01,3.613448564663909224e+01,5.287362223508341685e+01,5.442419079750273170e+01,2.583077673635647642e+01,3.376213269598601130e+01,5.656619331618412616e+01,3.824967651402724300e+01,4.528393654861390161e+01,3.883492428510083272e+01,3.327741585064239160e+01,5.591099840221971817e+01,9.551151724971842327e+01,3.942836586288985501e+01,3.516867603722206326e+01,5.465277405580221881e+01,6.537128964131701991e+01,4.637942309502019356e+01,4.872895173396312885e+01,3.763722470937688058e+01,4.091046621382280080e+01,6.546426006760010807e+01,2.568911083663983064e+01,4.154954299722060540e+01,2.544089969046851607e+01
6.148995010350137136e+01,5.080574611214486680e+01,5.340287663447376332e+01,4.279150963114031470e+01,6.489049305176786220e+01,6.224158434688448693e+01,4.096975564038802275e+01,4.948993024775885630e+01,5.811801388880664376e+01,5.754094015700353282e+01,4.586935969012483838e+01,6.694072183376403018e+01,3.803884942507824007e+01,4.626437797571888666e+01,4.982066446028872519e+01,4.415847015821815802e+01,4.750720905349169243e+01,4.859544213788978340e+01,8.547905689481285663e+01,5.966163924089672577e+01,4.084602788881735336e+01,5.765163218688625335e+01,7.229615369284823601e+01,4.030074797465282188e+01,5.591270736339374281e+01,4.912441751233064480e+01,6.544080669031052366e+01,4.286727485644695435e+01,6.830536326434123851e+01,4.362834294948216751e+01,3.631052417032110924e+01,5.827174116593650410e+01,5.396340724035202641e+01,6.110007149258436954e+01,3.796222973861157612e+01,3.636180452135459973e+01,4.796995616362109160e+01,5.053963098633307283e+01,4.704247547166637844e+01,4.316312822517758008e+01,3.550051921897598817e+01,5.732125544813133899e+01,6.113398932122571239e+01,6.011989541689082728e+01,4.974529164993714403e+01,6.968300815272671400e+01,5.484830841550922997e+01,6.417341776412044396e+01,3.088843099959973060e+01,6.213461801148515917e+01,6.040007263686022299e+01,5.615506141562262599e+01,6.031294899697003586e+01,5.793732807893901082e+01,4.228662008778677261e+01,3.832049490618204857e+01,5.434000091913949149e+01,2.865029260612474715e+01,5.612212139437357905e+01,7.392998473866309439e+01,4.301279030154576333e+01,6.229161048488319352e+01,6.245043708113858827e+01,2.887589228264680230e+01,4.907837524878360114e+01,6.236705094425953178e+01,5.134527186113729869e+01,5.078536905961365022e+01,4.162241181388876754e+01,4.468810602266972154e+01,7.327580565012091540e+01,8.685634009577158565e+01,5.771435223118216129e+01,4.955892663305462520e+01,6.399454722272044194e+01,6.969401306200761326e+01,5.459868455854786617e+01,4.714656916622792693e+01,4.901351998648990360e+01,5.134830882730494750e+01,6.302696058890486341e+01,3.203516812454861906e+01,5.645899978888677140e+01,2.838832897314870252e+01
2.768594051075664098e+01,2.989716669468734267e+01,2.958391297961595967e+01,2.361693802864716574e+01,3.384635754034304966e+01,4.096975564038802275e+01,1.254890436151450572e+01,2.162296363277440037e+01,3.771585070546964147e+01,2.346301108171171990e+01,2.124201666638929709e+01,3.427572687563039722e+01,2.232851502479398675e+01,2.480408304098916972e+01,2.604491867832939889e+01,2.333076134652833034e+01,2.769699469581600582e+01,1.833590021638103096e+01,4.316590793416948912e+01,3.790197595486590387e+01,1.483627363304130320e+01,3.648894892925660116e+01,3.057136593854502848e+01,1.762563939677145086e+01,3.436952741695390046e+01,2.708142681439538535e+01,3.680992561311851574e+01,1.526658930612069298e+01,3.813030678420776098e+01,1.671427596945049388e+01,1.773287914329988268e+01,3.116616025587355310e+01,3.549011770593781989e+01,4.439862874579578289e+01,1.912518419313893503e+01,1.652198991164670616e+01,2.491110350561760001e+01,2.129966706603009285e+01,2.733412558240541301e+01,1.990632676622583475e+01,1.580698646866325952e+01,3.225453249367861730e+01,2.902659358968373837e+01,3.180767263198960393e+01,2.871307547427913320e+01,2.776199439444302541e+01,3.491359737905909810e+01,3.537211892766858057e+01,1.834043230855945339e+01,2.782966489854865344e+01,2.887372798323800893e+01,2.455616710458192387e+01,4.393809569830425943e+01,3.051393478415344163e+01,1.459970503026571009e+01,2.198381638554768358e+01,2.291711376921745824e+01,1.020349585734424380e+01,3.006286423408002051e+01,2.844609784179675316e+01,1.800725681517235088e+01,3.299503180688041937e+01,3.619794211119486960e+01,9.059940547159710533e+00,2.014829867315873457e+01,3.534568516529243709e+01,2.026403423057491793e+01,2.272410977330244464e+01,1.942573516165090552e+01,1.943082657339346753e+01,3.717203003991431132e+01,6.576795439362800266e+01,2.390859176018956944e+01,2.086482963401218527e+01,2.429338583618350356e+01,4.156161618064903962e+01,2.369355364920567553e+01,2.933270645477173844e+01,1.853934285464277565e+01,2.795033384024775103e+01,4.167880505589427997e+01,1.298871986023054248e+01,2.142662664175723464e+01,1.002579851505911890e+01
3.021469682759736841e+01,3.617574208205731878e+01,3.627758684088430385e+01,3.021657058883508640e+01,3.927846914400871725e+01,4.948993024775885630e+01,2.162296363277440037e+01,2.432253339609123799e+01,4.594343952250207508e+01,2.984002570911412278e+01,2.620393065173462332e+01,4.398289333189855199e+01,2.823079374540327180e+01,3.266127283296419392e+01,3.039302219531021265e+01,2.889310378817603819e+01,3.436677862537558070e+01,2.393206131316548735e+01,5.048621295092902272e+01,4.629211594266362084e+01,2.332836948348537476e+01,4.478193945907359108e+01,3.702086329448621882e+01,2.593508875776256417e+01,3.569689742023188472e+01,3.384408738249323534e+01,4.425594739049586934e+01,2.145063294499438555e+01,3.972588465607544350e+01,2.228597470897272714e+01,2.397228973949578545e+01,4.093325677267466745e+01,4.272070770509294846e+01,5.149752338913663863e+01,2.384663391245525688e+01,2.311690937193901618e+01,3.200847556244102776e+01,3.097074334349367675e+01,3.025614762172299166e+01,2.759110494082438336e+01,2.433333134913564066e+01,3.230808401399904284e+01,3.229166126455120889e+01,3.302209958013541780e+01,3.563303204185019979e+01,3.334473941360717930e+01,4.164666175040684948e+01,4.322710266721990990e+01,2.352406091314651704e+01,2.932657542265086548e+01,3.158918667639112599e+01,2.950767029307593958e+01,4.934981206002429133e+01,3.403190739933177156e+01,2.246459675741221318e+01,2.688621788051790418e+01,2.798620883908648693e+01,1.844403091912431947e+01,3.464492574396327740e+01,3.708957187900137598e+01,2.335472006951542312e+01,4.053277427492326268e+01,4.199189248400639229e+01,1.696706438576735820e+01,2.496102097686747712e+01,4.201012741487841851e+01,2.843002209067829966e+01,3.106324373220248347e+01,2.618799773506147233e+01,2.482229877272287766e+01,3.713108292481616957e+01,7.523077802216474197e+01,2.986451120188235109e+01,2.596263740037434786e+01,3.225283848022272082e+01,4.700709972209460830e+01,3.196401619952350259e+01,3.316561002926324875e+01,2.244428317318935129e+01,3.387997613972738975e+01,5.063236638220662655e+01,1.672665343570107055e+01,2.707072708757877066e+01,1.852935023710086782e+01
5.678412615482550763e+01,4.653210021162264809e+01,4.941298162925711068e+01,3.972892973821976170e+01,5.940638770562719628e+01,5.811801388880664376e+01,3.771585070546964147e+01,4.594343952250207508e+01,5.152866054101225757e+01,5.258349037167766227e+01,4.152741577096109182e+01,6.152297575595499524e+01,3.512766034766355006e+01,4.280888299788320950e+01,4.612455634212381739e+01,4.062073388169210375e+01,4.414532720243591513e+01,4.479328959259097331e+01,7.768776499748031483e+01,5.451205666343707179e+01,3.760917573294575789e+01,5.340194543584015463e+01,6.636636776548458272e+01,3.707718841304640023e+01,5.295435121210097407e+01,4.519803595385503314e+01,6.071731400502591924e+01,3.972345774659136453e+01,6.426212723340732680e+01,4.049169800122865581e+01,3.359792076652809101e+01,5.229154152293937585e+01,5.033913465713043678e+01,5.390062128284715470e+01,3.532829963689836461e+01,3.351051842781891565e+01,4.451397733635127452e+01,4.638136006185268911e+01,4.417162684583806254e+01,3.937421409632207769e+01,3.261888939220664696e+01,5.436790434781748615e+01,5.729625743141689753e+01,5.656630587443061131e+01,4.559238602156716524e+01,6.404196912751851301e+01,5.082085080248474895e+01,5.939900683719552177e+01,2.870170263558398105e+01,5.713153662347663442e+01,5.624377855929172654e+01,5.094963752893060160e+01,5.492684898503067359e+01,5.400910597400439883e+01,3.890035236679991471e+01,3.575673884849462070e+01,4.981525180214575954e+01,2.621075705397213440e+01,5.160425187206798370e+01,6.857814674087445894e+01,3.965878952706228233e+01,5.697495880648591537e+01,5.575562605826785756e+01,2.643865472739523881e+01,4.512723904743656078e+01,5.766958526382853734e+01,4.717539135150484242e+01,4.690728828805690398e+01,3.842828712610685926e+01,4.090689386256386229e+01,6.855934212381636428e+01,7.487907952333274864e+01,5.287943665247479430e+01,4.538561410358628478e+01,5.932703891305544630e+01,6.464726365822838261e+01,5.037592847618971348e+01,4.370178647291223939e+01,4.548827015268344098e+01,4.678453554123245794e+01,5.604527790410026000e+01,2.958557921864787943e+01,5.226224187191559167e+01,2.590366858965293062e+01
3.536924010606224300e+01,3.920637866296833351e+01,4.219130230011405303e+01,3.462354244695479366e+01,4.191879377330254641e+01,5.754094015700353282e+01,2.346301108171171990e+01,2.984002570911412278e+01,5.258349037167766227e+01,3.054614669217083645e+01,2.518282252479629690e+01,5.012936068215491758e+01,3.010388984426192849e+01,3.803105193187664668e+01,3.685330274609101053e+01,3.065271096793869532e+01,4.132069983470487529e+01,2.735026673227472926e+01,5.921697270383204170e+01,5.242154018842848728e+01,2.301447186218118190e+01,5.176009783274800924e+01,4.022059012038521075e+01,2.880076547604673110e+01,4.540868068352847331e+01,3.687772686050274729e+01,5.273659201850362166e+01,2.641311453081724281e+01,4.998393736736156256e+01,2.766102090807333269e+01,2.709210235047578408e+01,4.522315643740080304e+01,5.120869643044764530e+01,6.086894971309021685e+01,2.865449407210170207e+01,2.700752063673624903e+01,3.877526174241307189e+01,3.354559982207875635e+01,3.899399518276420196e+01,2.593311404833339395e+01,2.214234854770478123e+01,4.048017906889148776e+01,3.994076101557295289e+01,4.081936894286659623e+01,3.835997877090196084e+01,3.676498717229448232e+01,4.964042515312056025e+01,5.079245386184991418e+01,2.736859747259518372e+01,3.312856620316889433e+01,3.887531983725248352e+01,3.114583054541398965e+01,6.047300699244911470e+01,4.189530231183229603e+01,2.650619030667175124e+01,3.224061113814924795e+01,2.854296787935194502e+01,1.811038256745816710e+01,3.968952701001410333e+01,4.446046787141239065e+01,2.690261125961880495e+01,4.442984309684766231e+01,4.764463697730880654e+01,1.768651496505985676e+01,2.534084955191096356e+01,4.869874178434400136e+01,2.839940427664638634e+01,3.503634785770562843e+01,3.005568534558640437e+01,2.511706251653345490e+01,4.382783576620025201e+01,8.898287479532689304e+01,2.992631525605262510e+01,2.643927251006494572e+01,3.893686132636549502e+01,5.672504990436402750e+01,3.566638565259180638e+01,4.148295870645251426e+01,2.642885693935901514e+01,3.485126453929736101e+01,5.794002703787064945e+01,1.843821102636374576e+01,2.991812252253152238e+01,1.783400599364189532e+01
3.193173008370800048e+01,3.041540004334666847e+01,3.453650643129820708e+01,2.858333472089550753e+01,3.144120729524975744e+01,4.586935969012483838e+01,2.124201666638929709e+01,2.620393065173462332e+01,4.152741577096109182e+01,2.518282252479629690e+01,1.743133611770043601e+01,4.133530400110490888e+01,2.368573657078943384e+01,3.215666983418188352e+01,3.110489735295071156e+01,2.384695014475088826e+01,3.449394274999922771e+01,2.491348344437223261e+01,4.866240839597787016e+01,4.169289439778162887e+01,1.990363861991829353e+01,4.173444903035267117e+01,3.187398547145637551e+01,2.505932593353382742e+01,4.228554791408920011e+01,2.902182607918290813e+01,4.325087449798562034e+01,2.625762273280300008e+01,4.668922695863414418e+01,2.733344811628611026e+01,2.331302026185199594e+01,3.656621880800788915e+01,4.187470695116667230e+01,4.769656040742288639e+01,2.515593929345062207e+01,2.379032329665925971e+01,3.384008183064295139e+01,2.878739720655881129e+01,3.542466243466032694e+01,2.050373328803609496e+01,1.860996824829274487e+01,4.110282446161804870e+01,3.944017680092724021e+01,4.069737009116433768e+01,2.984790950446265256e+01,3.081660109697651251e+01,4.018487216028747611e+01,4.139138364851898899e+01,2.308480099835999155e+01,2.743524030436207894e+01,3.519566881369918576e+01,2.419089310585566466e+01,4.909665755903845508e+01,3.850654177302473613e+01,2.540308344208145641e+01,2.760703796668600063e+01,2.202137831598599504e+01,1.616577838023605551e+01,3.140160153804568210e+01,4.250596076695691039e+01,2.365806607866329259e+01,3.488706554807312443e+01,3.676729650109801639e+01,1.660231806047780267e+01,1.982697263283681011e+01,3.897047637479256110e+01,2.307543914950659314e+01,2.990072921427205443e+01,2.593024541072696110e+01,1.985827071810880895e+01,4.142032126866190822e+01,6.904397480778220597e+01,2.297283869407468870e+01,2.074880700732233763e+01,3.726696566172021363e+01,4.637690821866851820e+01,3.008150241111464140e+01,3.567011462338464156e+01,2.480243942756611730e+01,2.639616445551289559e+01,4.631062631703386501e+01,1.679581032847797317e+01,2.554471831264028125e+01,1.594536370879098719e+01
5.446254452946627111e+01,5.108729186069134443e+01,5.152536397884107089e+01,4.220541860039247695e+01,6.175220403379395862e+01,6.694072183376403018e+01,3.427572687563039722e+01,4.398289333189855199e+01,6.152297575595499524e+01,5.012936068215491758e+01,4.133530400110490888e+01,5.970856042400100705e+01,3.704173533329734624e+01,4.174533404354015431e+01,4.699612726338514790e+01,4.133844283076506798e+01,4.614532213117886528e+01,4.220617052130620550e+01,8.008420341398482378e+01,6.133502697137064530e+01,3.457178339844909232e+01,5.875704862323951261e+01,6.425189054347988815e+01,3.333316294981005967e+01,5.424414071949284732e+01,4.762791499973123877e+01,6.477451955916683346e+01,3.594724466137881080e+01,6.287058321248058945e+01,3.689096657378730981e+01,3.292746623445274423e+01,5.574243736371583680e+01,5.791927733466170025e+01,6.940410179751359010e+01,3.548787185858390814e+01,3.206592891938952050e+01,4.605525854617988557e+01,4.243715464022727701e+01,4.545170340546699350e+01,3.786884964957041433e+01,3.017723687766984497e+01,5.116089487638300426e+01,5.296816142403762484e+01,5.322226118611059320e+01,4.903756552857784357e+01,6.186799266550435306e+01,5.721155327207299734e+01,6.143827862038995846e+01,3.085878981634034091e+01,5.616116221015650467e+01,5.461403935715990343e+01,5.042605146641128755e+01,6.884568301809441948e+01,5.400489174469058185e+01,3.569737360144438298e+01,3.857615501222683463e+01,4.867165702534498450e+01,2.367949658325562368e+01,5.506359273833457024e+01,6.267351525976533111e+01,3.727015614498883167e+01,5.853152264205519373e+01,6.314098912049572476e+01,2.374241832156430476e+01,4.368735377461204195e+01,6.136620454103545796e+01,4.429656432625558438e+01,4.586625914727855502e+01,3.616407713512324307e+01,4.025577041549732371e+01,6.636631516604742842e+01,1.010930864022169686e+02,5.095129355051810194e+01,4.425542956856658350e+01,5.412671152249490802e+01,7.101330456806853419e+01,4.727602748635856500e+01,4.838972830996957697e+01,4.293495667839253116e+01,4.817324150544262551e+01,6.666833812003461901e+01,2.840380570900291701e+01,4.920414627597315871e+01,2.328636832849736393e+01
3.665435637904138844e+01,2.981941679022338221e+01,3.094151179623658265e+01,2.513806691749864086e+01,3.497962443181359049e+01,3.803884942507824007e+01,2.232851502479398675e+01,2.823079374540327180e+01,3.512766034766355006e+01,3.010388984426192849e+01,2.368573657078943384e+01,3.704173533329734624e+01,2.109858669288658817e+01,2.613343351277177007e+01,2.797398205622236134e+01,2.459693024988182231e+01,2.694616703995054863e+01,2.716548791776211758e+01,4.785761907157660744e+01,3.655393122432709418e+01,2.174750158058987282e+01,3.496839545590596998e+01,3.764902393499775712e+01,2.206621843118280424e+01,3.835489116394050058e+01,2.771396885393173903e+01,3.727873929076874759e+01,2.591763904824804854e+01,4.465035022790759456e+01,2.693247406838826308e+01,2.124069151011672218e+01,3.328801511327178275e+01,3.280459117597983010e+01,3.827082981213479229e+01,2.236600932092204630e+01,2.069490411120764151e+01,2.940030138594923770e+01,2.761378474576799036e+01,3.028891732484031962e+01,2.342340009684253843e+01,1.936654110873093160e+01,4.117185191045958703e+01,4.001199285647875570e+01,4.106606088013415246e+01,2.833817054529033541e+01,3.694542087874516056e+01,3.292545465967863549e+01,3.469479129892629032e+01,1.782431408312473309e+01,3.481572622285943908e+01,3.579979951635912272e+01,2.988086074407578252e+01,4.014775053034099273e+01,3.695303508079835808e+01,2.452167296589130885e+01,2.359345438013518503e+01,2.805212197361633031e+01,1.634695840576241821e+01,3.164316049873078640e+01,4.334746390703109853e+01,2.391846745391567453e+01,3.390329775732633522e+01,3.553197178890217600e+01,1.595399083826824160e+01,2.556907638023552920e+01,3.374466188256679544e+01,2.688945016476277416e+01,2.763374747139666354e+01,2.299992410591666214e+01,2.401041629740022287e+01,4.690524080806008556e+01,5.557189044621917162e+01,2.985037653017176495e+01,2.627528940850220351e+01,3.738811591296430947e+01,4.145810232122898498e+01,2.874028044090060163e+01,3.063447662652210113e+01,2.766130296498311836e+01,2.778203490715110391e+01,3.819664195541792395e+01,1.871160412161105668e+01,3.006472302937049790e+01,1.555336337402332347e+01
4.257753458767379584e+01,3.772851232985863135e+01,3.571935215602598390e+01,2.911604540688361809e+01,4.665856284485186478e+01,4.626437797571888666e+01,2.480408304098916972e+01,3.266127283296419392e+01,4.280888299788320950e+01,3.803105193187664668e+01,3.215666983418188352e+01,4.174533404354015431e+01,2.613343351277177007e+01,2.587164648645990539e+01,3.246944809932909237e+01,3.028972392970622352e+01,2.919805125100543819e+01,3.145953238533702745e+01,5.810767672811132911e+01,4.307373198631624689e+01,2.568931570591593427e+01,4.006572849444348350e+01,4.860924704506766147e+01,2.196802984861751540e+01,3.987250184634805095e+01,3.437792844734582332e+01,4.406481345114001869e+01,2.600220253644645396e+01,4.734368797238522575e+01,2.681133546862780292e+01,2.226775191390122188e+01,3.956373595507684371e+01,3.794932672833379428e+01,4.731309433232738115e+01,2.411242919681473040e+01,2.107442542509575389e+01,3.150101948166919286e+01,2.994539745068961523e+01,3.107789517764589959e+01,2.926046595904072944e+01,2.289993055816445278e+01,4.112146907600781276e+01,4.098940348098052056e+01,4.202036899782813606e+01,3.575908810705796981e+01,4.716194380490400562e+01,3.844100639468398839e+01,4.126885489059520040e+01,1.943338790319018727e+01,4.408414070108163685e+01,4.070994106954826464e+01,3.868123753508612594e+01,4.738080554819525503e+01,3.986006486838294904e+01,2.522812743104030275e+01,2.605977766168597753e+01,3.750358836624703684e+01,1.670187610624182994e+01,4.051613330042305705e+01,4.678653456940030964e+01,2.664225813557134259e+01,4.229711586383857025e+01,4.604265718785639905e+01,1.631502060902798235e+01,3.368894063840870956e+01,4.225676927676929751e+01,3.364607534234444586e+01,3.184661417747672019e+01,2.417862462952663805e+01,3.083161672252573737e+01,5.355294802856528946e+01,6.971573385975128190e+01,3.945512056496477271e+01,3.407230956742394312e+01,3.989091839494059855e+01,5.022305883657995906e+01,3.327633745289350742e+01,3.338838696224487279e+01,3.240264399107034166e+01,3.616222310897757808e+01,4.598572796757907355e+01,2.131265197711841353e+01,3.716003221583434168e+01,1.639664016352443454e+01
3.808707913701057635e+01,3.832308024589254813e+01,3.795770234389090803e+01,3.132375294895452811e+01,4.479109550647107341e+01,4.982066446028872519e+01,2.604491867832939889e+01,3.039302219531021265e+01,4.612455634212381739e+01,3.685330274609101053e+01,3.110489735295071156e+01,4.699612726338514790e+01,2.797398205622236134e+01,3.246944809932909237e+01,3.222091129288030231e+01,3.048804296481137044e+01,3.313709438523562056e+01,3.020332509501580276e+01,5.728297243880214040e+01,4.648886445319712379e+01,2.743407663442071609e+01,4.456621304007853013e+01,4.631087544968580261e+01,2.727953137379819282e+01,3.751965140540593779e+01,3.582984646154713460e+01,4.578440027795763712e+01,2.611871639892511610e+01,4.485316102187165654e+01,2.678782220790865765e+01,2.439028431644371153e+01,4.316910999736899868e+01,4.157329507511111188e+01,5.008259492329640494e+01,2.484729905578971199e+01,2.412335975132220511e+01,3.373382210530491676e+01,3.444380662892867662e+01,3.102075353024118343e+01,3.100798915967840585e+01,2.669414992860717462e+01,3.759569392173705182e+01,3.885748237029082475e+01,3.883401618089821028e+01,3.748641702678355614e+01,4.374938317748765115e+01,4.111884424176579955e+01,4.442790916489963138e+01,2.232733875578549743e+01,3.835291846214603595e+01,3.793561056113041730e+01,3.617293475991003504e+01,4.839531994754057820e+01,3.787915947044130149e+01,2.657064007264779448e+01,2.728616914007461958e+01,3.547807654157649893e+01,1.977471768280464204e+01,3.899486414597002693e+01,4.640963167846103943e+01,2.709248198104101135e+01,4.369838633458606125e+01,4.539784754099880359e+01,1.909060263640093424e+01,3.171148460140195269e+01,4.346542655849957271e+01,3.435483964280645353e+01,3.401597501391034939e+01,2.771980324559517328e+01,2.982004337184827847e+01,4.676894370486791530e+01,7.307994209496587246e+01,3.748677995588504075e+01,3.224755954426155569e+01,4.002773045447638367e+01,4.954789009949904965e+01,3.628932977310660846e+01,3.362069835553975139e+01,2.987309735534570265e+01,3.671952380472826150e+01,5.042016417313822529e+01,2.008322857194361077e+01,3.533587819125484231e+01,2.005073493313416222e+01
3.661947055467782519e+01,3.288387985130071201e+01,3.464459201158935997e+01,2.836476119422303555e+01,3.669786510034499827e+01,4.415847015821815802e+01,2.333076134652833034e+01,2.889310378817603819e+01,4.062073388169210375e+01,3.065271096793869532e+01,2.384695014475088826e+01,4.133844283076506798e+01,2.459693024988182231e+01,3.028972392970622352e+01,3.048804296481137044e+01,2.592698218961623269e+01,3.114276043706713892e+01,2.780263291055321773e+01,5.121129771088854454e+01,4.199034963630546002e+01,2.283386722529932911e+01,4.058668959600234416e+01,3.845146708384485379e+01,2.464411477156608044e+01,4.031106536127067841e+01,3.065498892192452018e+01,4.231254880390412865e+01,2.678629594376943146e+01,4.599541374548861938e+01,2.791940341725076280e+01,2.348928870527575796e+01,3.740641983665517500e+01,3.877932921790305443e+01,4.516288549411783748e+01,2.439020551751049481e+01,2.287373560139550577e+01,3.269922225378746106e+01,3.020762551548476793e+01,3.287485972098369302e+01,2.461919669670848876e+01,2.072358510418944988e+01,4.147295709857295520e+01,4.068234808355546761e+01,4.148387750156705778e+01,3.139425203363992622e+01,3.716190702513537758e+01,3.816397109790398900e+01,3.897691661434747346e+01,2.082601203841258908e+01,3.426910527624396252e+01,3.657435616481005525e+01,3.028030090341254166e+01,4.627852097855900837e+01,3.889853233102574137e+01,2.583574610466286714e+01,2.647544607450063481e+01,2.798321302177485492e+01,1.762055927821183943e+01,3.378780339039675340e+01,4.463243410321096860e+01,2.508480763926288404e+01,3.705983956736997698e+01,3.889328550537597806e+01,1.690009938745705753e+01,2.551407479340122109e+01,3.814353953326870084e+01,2.772736869044825880e+01,3.052739645752056319e+01,2.536791826121304894e+01,2.456559271011413870e+01,4.645171486569160635e+01,6.570170906298625368e+01,2.995631962610372412e+01,2.655946841827929816e+01,3.867608507234029247e+01,4.582158800099345086e+01,3.096677847588881960e+01,3.399213542803563826e+01,2.769188499053809949e+01,2.954927507407105836e+01,4.439956210233459188e+01,1.895955043379148819e+01,3.043914352661768064e+01,1.680187928465413094e+01
4.471619376078390928e+01,3.941469276556032497e+01,3.751755635019285506e+01,3.056485999838411516e+01,4.899767869408571386e+01,4.750720905349169243e+01,2.769699469581600582e+01,3.436677862537558070e+01,4.414532720243591513e+01,4.132069983470487529e+01,3.449394274999922771e+01,4.614532213117886528e+01,2.694616703995054863e+01,2.919805125100543819e+01,3.313709438523562056e+01,3.114276043706713892e+01,2.626616276404125117e+01,3.378428669406296336e+01,6.088629144925062775e+01,4.506180799692700845e+01,2.856547871585479825e+01,4.204180216979568030e+01,5.208994020816998471e+01,2.514701638032618547e+01,3.853546109134592967e+01,3.627497178006348122e+01,4.528806393475296233e+01,2.817036754657264908e+01,4.757718165369836072e+01,2.891905517589576036e+01,2.258726052351659774e+01,4.239440524702951052e+01,3.803373922372119864e+01,4.718955308244965607e+01,2.378716516704282213e+01,2.228849807435473096e+01,3.311568492330147961e+01,3.420372108041051717e+01,3.024308300546590544e+01,3.220663593475266850e+01,2.593260728201779486e+01,4.201086227864835365e+01,4.326706432160081306e+01,4.333342124639134596e+01,3.768919045980914717e+01,5.030344412747822247e+01,3.849909602121285701e+01,4.020366498562918167e+01,1.920009988532636669e+01,4.616315514266800335e+01,4.187030019229071343e+01,4.125765817549374503e+01,4.671369276869189946e+01,4.059337376520963403e+01,2.777796683627379437e+01,2.652695783648649908e+01,4.024492789957331951e+01,1.927954754431810969e+01,4.205439261454657185e+01,5.075264301605292871e+01,2.877619628640934479e+01,4.453539194677392032e+01,4.758576525914308775e+01,1.868012585133913817e+01,3.620941250975491243e+01,4.262014610831874251e+01,3.710336368351909897e+01,3.390261302036652324e+01,2.610351821861338806e+01,3.313770265562104811e+01,5.531465116291681738e+01,6.929100716625896439e+01,4.250509993207803205e+01,3.658248664486195878e+01,4.342344915651113268e+01,5.078117930970880423e+01,3.640114740101599011e+01,3.299574587000770975e+01,3.445735390037975066e+01,3.752843022379834537e+01,4.677721152448138042e+01,2.267552931686830320e+01,4.032069786569324776e+01,1.902972924909819596e+01
2.819099815711300394e+01,3.515841646258986231e+01,3.531838008696609421e+01,2.883261360931764372e+01,3.858202871856695992e+01,4.859544213788978340e+01,1.833590021638103096e+01,2.393206131316548735e+01,4.479328959259097331e+01,2.735026673227472926e+01,2.491348344437223261e+01,4.220617052130620550e+01,2.716548791776211758e+01,3.145953238533702745e+01,3.020332509501580276e+01,2.780263291055321773e+01,3.378428669406296336e+01,1.970299830658581186e+01,4.862982455556607420e+01,4.489415738102193387e+01,1.993696657915601378e+01,4.376403490163833965e+01,3.482227404674907945e+01,2.400298027105190357e+01,3.564242265749790306e+01,3.239995013080432784e+01,4.312140611193334649e+01,1.794597805621969044e+01,3.976001023941250168e+01,1.912395370542118656e+01,2.231685451131357922e+01,3.833029357377903779e+01,4.192361087132810837e+01,5.147303765863929925e+01,2.254464692499396961e+01,2.185607952362667206e+01,2.986984302554103010e+01,2.856667964097275103e+01,3.006022032563687318e+01,2.531369391123566714e+01,2.156676026385841993e+01,3.104892984008547430e+01,2.971557430668381627e+01,3.133843884117862899e+01,3.431637064179104613e+01,2.987297912974098324e+01,4.122941477117290532e+01,4.247196100151615639e+01,2.300010779171004671e+01,2.841116678993658340e+01,3.071627899981702470e+01,2.804023687957971944e+01,4.957345333373670826e+01,3.254542085613319102e+01,1.945466781534527101e+01,2.574647892221630840e+01,2.633774354932660344e+01,1.583360293590845558e+01,3.398457387374408256e+01,3.191815797327733861e+01,2.166373584492091808e+01,3.904966822696969331e+01,4.127369477682120191e+01,1.440995137881300003e+01,2.334031818056021734e+01,4.135268875704485225e+01,2.552968387935684902e+01,2.832180525419285644e+01,2.480162033938562161e+01,2.338670792637636708e+01,3.578162712397173095e+01,7.556499560809599814e+01,2.744687388792061000e+01,2.413261952954955447e+01,2.791823655748616417e+01,4.688209634846943885e+01,3.006276953227030546e+01,3.288588407620260057e+01,1.986032831439145951e+01,3.307095742469756772e+01,4.934445629774993591e+01,1.564021209789460087e+01,2.466026593554255086e+01,1.608268460638806019e+01
5.885859139840873411e+01,6.267620609327602210e+01,6.539195755279816069e+01,5.389924192970813976e+01,7.253161856723174594e+01,8.547905689481285663e+01,4.316590793416948912e+01,5.048621295092902272e+01,7.768776499748031483e+01,5.921697270383204170e+01,4.866240839597787016e+01,8.008420341398482378e+01,4.785761907157660744e+01,5.810767672811132911e+01,5.728297243880214040e+01,5.121129771088854454e+01,6.088629144925062775e+01,4.862982455556607420e+01,9.416249372733469158e+01,7.837871803342203236e+01,4.411445281056964518e+01,7.706609657252137424e+01,7.480681817693920266e+01,4.743593181274490433e+01,6.029556454659318376e+01,5.973544613345618615e+01,8.046379348528506625e+01,4.268794016663850499e+01,7.033720547626414543e+01,4.342795295238286002e+01,4.288335594444425425e+01,7.145524643888767002e+01,7.415000175035410734e+01,8.560548361463251865e+01,4.367296283648085620e+01,4.273840472504636523e+01,5.813007695005048703e+01,5.735276009921719265e+01,5.387984465547072688e+01,4.811890538628028935e+01,4.120083795092556755e+01,5.283691617373386151e+01,5.858286813956114969e+01,5.667347986854808539e+01,6.183810602949618840e+01,6.940784689654066142e+01,7.269842745723316568e+01,7.861060303291598927e+01,4.084034100157601443e+01,5.974425666502568077e+01,6.131054437277194324e+01,5.776687670329052793e+01,8.307908206561413067e+01,6.110598541319821209e+01,4.436417830985029553e+01,4.787552305877015613e+01,5.601845206650930464e+01,3.278881479792654829e+01,6.455707517184437449e+01,7.354089168359024598e+01,4.588691594455884371e+01,7.302037880773026757e+01,7.444707239672983690e+01,3.201954290050250762e+01,5.026178260725898639e+01,7.607099012243162406e+01,5.471652436701558742e+01,5.827426100004854703e+01,4.854287300239067804e+01,4.732345141614592166e+01,6.778929192244152091e+01,1.232447510883835662e+02,5.919201401174135668e+01,5.101772278385881521e+01,6.427242348467623856e+01,8.483546534670288963e+01,6.147341225761398675e+01,5.823382336734003673e+01,4.758116302019206501e+01,5.916815287378418020e+01,8.463156481272106646e+01,3.277847176291906095e+01,5.690957659499295573e+01,3.296969193844334001e+01
